541 2
104 0.89893603 -0.7986846
400 1.2980917 -0.5823068
481 0.7730688 -0.88791955
277 1.0459061 -0.7085744
79 -0.6672001 -4.167814
226 -0.6895352 -4.2704234
150 0.54743814 -1.144827
276 0.38105533 -1.3165319
117 0.68365127 -0.9651527
519 0.6448075 -1.0385171
499 0.38263923 -1.3178489
255 2.0720968 -0.3012631
131 1.1369195 -0.64970684
401 0.31156513 -1.4285139
103 0.34878966 -1.4030826
307 0.25494564 -1.5171344
293 0.8681263 -0.83557004
184 2.1785269 -0.23402402
113 0.6938785 -0.9571245
43 1.0221196 -0.73455715
215 0.26529318 -1.5436869
349 0.285812 -1.4511143
126 0.28252703 -1.4809946
278 0.43902403 -1.2496951
374 0.46036464 -1.2368808
159 2.391606 -0.24557121
91 0.30173585 -1.414288
518 0.8098681 -0.8840737
335 0.5397798 -1.107007
128 0.2816532 -1.459166
315 0.38110593 -1.3193244
366 1.1038709 -0.6710397
45 1.858959 -0.34537995
416 2.210328 -0.24798799
139 0.41392455 -1.2770249
351 0.80848235 -0.85968924
262 0.2589973 -1.5078608
199 2.1149428 -0.3013348
488 0.33119237 -1.3754629
503 0.3592927 -1.3377262
212 0.5292582 -1.0993342
167 1.0117642 -0.7200008
327 2.012253 -0.31173134
44 0.87847465 -0.8415059
92 0.44276223 -1.2517453
42 1.0302224 -0.7516277
359 0.30074593 -1.4512433
233 1.7350897 -0.3805289
73 0.26483554 -1.509979
151 1.0615457 -0.7218326
57 1.4559069 -0.4910622
148 0.27586278 -1.5336053
467 2.2149346 -0.2718883
418 2.016213 -0.3323864
183 2.1947842 -0.2888416
483 0.03362275 -1.789784
68 0.57212734 -1.0995417
510 0.24847068 -1.489454
407 1.6847978 -0.40020245
490 0.56642956 -1.0932722
298 1.936271 -0.3412871
152 0.9985565 -0.76172435
537 0.35469317 -1.3413559
272 1.8557979 -0.33500335
362 2.2918577 -0.26337242
134 0.32909927 -1.3864352
516 0.6455774 -1.0117936
500 0.2266704 -1.5515906
309 0.3984326 -1.2965077
102 0.47384483 -1.2105758
439 0.16294847 -1.6827743
127 0.37430224 -1.3707536
237 1.4534538 -0.4884947
297 2.0146503 -0.31364572
501 0.26793185 -1.5149143
523 1.1977842 -0.6412622
397 1.3080324 -0.58512646
504 0.38702825 -1.3264163
360 0.34453678 -1.37453
188 2.1123078 -0.28280607
312 0.95443577 -0.7909399
539 -0.11468936 -2.1193695
136 0.40133557 -1.290977
200 2.32172 -0.25610763
285 0.89927524 -0.82068783
513 0.98786074 -0.7254835
196 1.9340656 -0.33695748
118 0.56232935 -1.0969589
341 2.4668658 -0.19985388
186 2.2077644 -0.27884468
149 1.1094054 -0.6837125
317 0.23113868 -1.5047619
477 0.5694882 -1.0495979
361 0.3689121 -1.3416873
365 1.8296562 -0.36431602
0 0.42168507 -1.2325127
195 1.8990958 -0.3557519
129 2.1227622 -0.28378344
502 0.31130493 -1.4368697
326 2.4040034 -0.22223322
350 0.26205802 -1.4763507
146 2.0438137 -0.28713328
446 1.6613222 -0.40164497
471 0.32387125 -1.4356664
122 2.4675417 -0.23903553
63 0.6621563 -1.0093844
435 0.42317137 -1.2900612
357 1.7182645 -0.36679006
381 1.9094441 -0.34407127
82 0.9755884 -0.7547089
339 1.5839556 -0.4427251
424 0.09473043 -1.7890372
275 0.3252981 -1.3975583
263 0.48496345 -1.2221967
535 0.29672316 -1.3874292
465 0.7922974 -0.87456894
308 0.47526717 -1.1978024
509 0.52247465 -1.1736782
325 1.7758178 -0.37905747
497 0.98399055 -0.7587474
436 0.19362718 -1.6412517
271 2.275013 -0.24029218
273 1.1083554 -0.69741136
389 1.6363053 -0.42375907
348 0.10862248 -1.7561499
169 0.5711907 -1.123972
162 0.08100604 -1.8226354
533 0.75504786 -0.90108234
507 0.33944207 -1.3891147
338 1.6755501 -0.41425368
415 1.945735 -0.35266355
525 2.3049467 -0.21611853
329 0.43165416 -1.2117127
258 2.5126848 -0.20487797
489 0.45031646 -1.2096674
65 0.32942808 -1.335013
137 0.24479601 -1.4923482
218 0.8166589 -0.85261166
147 1.2104135 -0.625479
306 0.33550984 -1.3676931
333 0.497954 -1.1724037
386 1.0593027 -0.698133
456 2.084952 -0.26270747
521 0.25118026 -1.5343255
512 0.36649537 -1.3142511
98 1.9318396 -0.3333518
119 2.103338 -0.2864731
494 0.20218606 -1.645607
536 1.4854919 -0.50257176
110 1.9498154 -0.31492448
66 0.8743436 -0.8125361
388 0.394518 -1.286843
506 0.18822615 -1.5799925
206 1.0581192 -0.7214603
47 0.66483843 -0.9950792
304 0.32974127 -1.3477216
140 1.6784102 -0.36489937
247 0.57047033 -1.0356652
482 0.5536158 -1.142439
517 0.9433998 -0.77342016
181 -0.10915927 -2.021318
225 0.20731844 -1.5861473
294 0.5285046 -1.1368387
470 0.04666051 -1.8997113
390 1.069418 -0.73865294
334 0.31078613 -1.4139271
163 0.096201606 -1.8563235
508 0.37557048 -1.2936958
459 0.02687157 -1.8797473
172 0.79764026 -0.8917411
97 1.637524 -0.40214768
85 1.5355295 -0.45842978
423 -0.14091083 -2.127591
410 1.5832964 -0.42786965
90 2.14877 -0.24426147
267 2.3644037 -0.20009142
282 0.072611764 -1.8718295
112 0.46122432 -1.2028967
316 0.3478965 -1.3671805
178 0.07391695 -1.8616472
505 0.54328847 -1.1186273
538 0.8453998 -0.8368479
318 1.6088434 -0.44427836
280 0.080936186 -1.8241657
114 0.05231417 -1.928853
221 -0.11368825 -2.212747
236 1.1889485 -0.64287186
534 1.2191869 -0.63904
153 0.3639999 -1.3499551
177 0.27333942 -1.4317921
256 2.0702834 -0.24569365
343 0.4615124 -1.2039365
414 1.8861655 -0.3462988
375 1.7478757 -0.3774517
54 1.8749102 -0.33054373
231 0.8465486 -0.8516605
487 1.117669 -0.6778537
452 0.572051 -1.1120915
426 0.360619 -1.3349252
138 2.180885 -0.22174858
377 0.17767064 -1.6143991
473 0.6003522 -1.0702971
124 1.8294791 -0.36500672
442 1.8668566 -0.3490721
55 0.92967826 -0.79151887
444 2.300073 -0.2875834
77 0.30521125 -1.466653
107 2.18985 -0.23737846
187 1.6483369 -0.415327
143 2.1070647 -0.26840946
524 0.62160456 -1.0307361
72 1.1972233 -0.6485831
249 0.72150046 -0.941295
192 2.11076 -0.2748068
526 2.124295 -0.26977035
323 2.314658 -0.23045261
89 0.701621 -0.9520368
260 2.1378553 -0.31102172
115 0.0948508 -1.7849716
367 0.36640325 -1.3282602
346 0.9174574 -0.7847386
460 0.073215164 -1.8979874
347 -0.27317607 -2.2930129
259 2.4249287 -0.22074613
22 0.8366348 -0.8475755
469 0.25010496 -1.3856299
193 2.0259929 -0.305085
403 2.2483327 -0.23635817
38 0.47485438 -1.1914736
296 0.83111167 -0.8596599
376 0.010674749 -1.9582657
364 1.1662314 -0.65724427
412 2.1859813 -0.25174055
420 0.8110531 -0.87631476
331 0.38167304 -1.3155863
142 1.2835271 -0.5997945
461 -0.0045750355 -2.023773
30 0.4030013 -1.315888
230 1.3813568 -0.55797523
395 0.8826782 -0.84318036
428 0.84547573 -0.87469625
205 0.12700988 -1.5838785
241 2.0727944 -0.29121545
86 1.8373005 -0.3528855
154 0.22269773 -1.527435
232 0.89095175 -0.8169002
368 0.2817844 -1.4557315
88 1.0921478 -0.681055
445 0.99992865 -0.72517407
522 0.6652007 -1.0070539
454 2.1222038 -0.2580543
463 0.08938843 -1.8238527
447 0.55417943 -1.0991086
474 1.1660299 -0.6268935
380 0.9048561 -0.8035613
495 0.5689204 -1.0863824
514 0.17325372 -1.6761662
373 -0.04567241 -2.0605624
466 1.1438247 -0.6475948
363 0.10937545 -1.4672405
455 1.2497162 -0.558437
120 1.2170777 -0.6262831
462 -0.052147582 -2.1853106
383 0.8746392 -0.79992074
378 0.4114579 -1.2510183
515 -0.042828623 -2.0793257
453 0.6584966 -1.0270438
166 0.7950646 -0.87800086
405 0.76989067 -0.892309
484 0.8936439 -0.7935903
222 0.9758887 -0.7501906
157 0.012619456 -1.978881
301 1.4248571 -0.5284197
209 -0.12716159 -1.9853582
106 1.3808069 -0.5081139
59 0.71733814 -1.0049645
404 1.4728013 -0.46431485
208 0.77360463 -0.8870744
540 0.18214302 -1.5992074
53 0.48842743 -1.1773005
179 1.374384 -0.5548559
394 0.46625555 -1.2165358
257 2.0153382 -0.3373617
310 1.0867118 -0.6918479
74 0.7943739 -0.8634591
40 0.49120387 -1.1881182
530 1.1318324 -0.63634616
344 0.7400069 -0.93861264
432 1.4232621 -0.46192062
180 0.49208927 -1.1645354
332 0.10025931 -1.526495
49 0.77102995 -0.9224055
67 1.9619266 -0.28568622
5 -0.39824212 -2.9511518
144 1.4762019 -0.4668122
41 0.5828234 -1.0972078
478 0.92162716 -0.8315949
437 1.6170954 -0.43475533
227 0.12406759 -1.8236421
56 1.1726131 -0.6133143
291 0.90549076 -0.8489497
342 1.0643016 -0.66384834
211 0.25782555 -1.463596
80 0.22756308 -1.5871285
125 0.8892201 -0.809618
253 0.7745022 -0.85197467
87 1.33917 -0.53870076
358 1.0550206 -0.7180384
207 0.98209083 -0.7913732
464 1.7621255 -0.34906682
345 0.9143363 -0.8193825
337 1.0793345 -0.70230305
155 0.19138905 -1.5575438
396 0.6790535 -0.99985355
330 0.7192333 -0.94965166
164 2.205801 -0.28173447
165 0.25801784 -1.4791727
529 1.8035984 -0.3569352
229 1.157668 -0.6499368
472 1.8521376 -0.3206123
319 1.1257411 -0.6738533
8 0.7228765 -0.92725205
213 0.86061203 -0.8509677
511 0.2333562 -1.5340116
289 0.8707134 -0.8558136
429 0.95729953 -0.7872698
235 -0.0054958486 -1.9986854
123 1.9372559 -0.30376646
284 1.0697346 -0.67104834
300 0.48717928 -1.1924336
62 0.12919484 -1.7127484
51 0.5773934 -1.0833207
190 1.1126003 -0.67896485
39 0.6415894 -0.992523
305 1.9619375 -0.27856207
50 0.44160038 -1.2256334
83 1.1800278 -0.6624523
384 1.6016247 -0.42737928
251 2.185998 -0.1882947
254 0.41303447 -1.2167684
340 2.057517 -0.26915836
201 1.273136 -0.59775114
449 0.05507406 -1.8344468
58 0.40304917 -1.2806925
189 1.2477708 -0.57123035
486 0.2762981 -1.4389827
219 1.9186136 -0.2901618
210 0.9612279 -0.77151793
352 1.5503781 -0.41457525
385 1.1048951 -0.6464937
95 0.43593913 -1.2479453
264 2.1317523 -0.24082252
268 0.71665025 -0.9641612
372 0.81447506 -0.8394272
4 -0.41398615 -2.8315506
174 0.7622092 -0.9144482
430 0.8209593 -0.8830537
111 0.74664354 -0.9142748
527 1.6914338 -0.3706793
292 1.1678541 -0.64398867
9 -0.38550532 -2.769315
303 0.93393266 -0.8098148
2 1.9784151 -0.3037687
101 0.5783817 -1.0659171
476 1.1957867 -0.6793534
29 0.5591986 -1.0192637
336 0.71805555 -0.9076745
531 1.6056457 -0.37767038
31 0.006756675 -2.0163314
46 0.42846957 -1.256466
266 2.0538251 -0.2651118
168 1.4816835 -0.46688512
451 0.7225295 -0.9651336
261 1.219731 -0.533595
64 0.7343397 -0.9503313
228 0.69138587 -0.9797441
433 1.718221 -0.35186175
493 0.56118184 -1.095242
223 0.69176674 -0.99074507
419 1.9300427 -0.361983
528 1.6375695 -0.3784891
440 0.7529615 -0.8934688
116 0.7252231 -0.95678014
244 1.8421993 -0.31495723
427 0.2579421 -1.4377245
313 1.0035452 -0.77108693
475 1.0045997 -0.7621273
425 0.30501157 -1.4586082
379 1.0427442 -0.6706727
23 -0.39014378 -2.6490624
3 -0.3818834 -2.8618276
61 0.010095554 -1.8449612
19 0.5121636 -1.165249
135 1.4830605 -0.47463793
248 1.5054083 -0.46896434
185 1.9340459 -0.32429412
438 0.60487103 -1.0806993
239 1.326061 -0.5788216
355 0.922328 -0.76540124
402 0.3606378 -1.338893
290 0.7716816 -0.89399815
324 1.487584 -0.48317674
354 1.5265291 -0.44769683
391 1.1267499 -0.66775304
145 0.72401386 -0.9663685
371 0.94006795 -0.7564717
283 0.6642161 -0.96474487
10 -0.4085563 -2.6589139
191 0.8585361 -0.8233764
302 0.5411985 -1.0990335
27 -0.41983894 -2.6922762
269 0.7855353 -0.8769156
175 0.47395834 -1.1976123
421 0.53803134 -1.0993004
14 -0.42004535 -2.882781
498 0.727099 -0.9368518
36 0.71578187 -0.93094647
450 0.6013218 -1.0856297
250 1.0080765 -0.73853606
216 0.7382557 -0.90759957
121 0.7868414 -0.89191
369 0.7882423 -0.8607911
202 1.6734524 -0.41077125
33 0.95778966 -0.78244686
491 0.22683318 -1.5210472
281 0.53618443 -1.027842
20 -0.46800804 -2.943362
496 1.7548501 -0.3356479
485 0.29022914 -1.3799112
69 0.5432001 -1.1086903
84 0.9375351 -0.7748717
398 0.5308921 -1.1545208
16 -0.3297128 -2.5180058
311 1.5190188 -0.41813773
242 0.7808566 -0.90481025
399 0.5114025 -1.178079
217 1.1590995 -0.6403997
356 0.90493655 -0.7605458
314 0.25539652 -1.5369201
17 -0.31759563 -2.3710766
130 1.668507 -0.36889583
24 -0.32147697 -2.5650914
70 0.5809767 -1.0984781
413 0.57247275 -1.0230994
422 0.62113994 -1.0263205
171 0.72758776 -0.9191315
96 1.3583105 -0.4884968
52 0.69993657 -0.9772245
21 -0.33779693 -2.425598
133 1.8204998 -0.30875757
328 1.5446514 -0.4026926
26 -0.33262518 -2.449053
25 -0.39186397 -2.6674306
75 0.73314655 -0.9493963
13 -0.36918554 -2.6251295
224 1.2280742 -0.59493285
299 0.87860763 -0.8369489
392 1.2952261 -0.5540934
245 1.693017 -0.3388089
34 0.58307207 -1.0477719
240 1.1441655 -0.6700453
108 1.0387508 -0.70109004
353 1.2620765 -0.5540538
18 -0.37592456 -2.4968953
220 0.516527 -1.1132674
406 1.5667219 -0.3967925
71 0.6904322 -1.0068783
458 1.0470165 -0.72150743
441 0.41613495 -1.25838
243 1.5750121 -0.4103159
173 0.93226904 -0.79518217
76 0.4478963 -1.2384529
320 0.63534814 -1.0259681
100 0.5257791 -1.1411815
6 0.9685735 -0.80428064
11 -0.28849322 -2.21619
105 0.6221389 -1.0440629
12 -0.3327024 -2.462004
492 0.833885 -0.83511114
48 0.6264141 -1.0728062
28 -0.2694878 -2.180513
1 -0.3358266 -2.2384737
37 0.31044284 -1.2771997
15 -0.39232397 -2.5359783
94 0.010559527 -1.9209299
238 0.43184677 -1.206597
160 1.5285559 -0.40242013
520 0.691029 -0.97287107
32 0.8899981 -0.83923984
265 0.57459337 -1.0322096
176 0.45620638 -1.2303382
322 0.97533965 -0.7578463
246 0.904143 -0.83160925
448 0.37161884 -1.3305528
382 1.0185632 -0.7705723
93 0.13155562 -1.6236395
194 1.7461188 -0.34923774
321 0.6725914 -1.0266857
393 1.441546 -0.49243835
99 0.89360166 -0.7810028
411 1.5209893 -0.47796217
457 1.1283122 -0.69674057
286 0.81161016 -0.8978501
35 0.7267247 -0.91942745
408 0.92341536 -0.7652315
370 0.8603291 -0.8079562
203 1.855507 -0.27264738
234 1.320275 -0.5905044
109 1.5303633 -0.4029031
295 0.20171416 -1.4597824
204 0.35306337 -1.3126571
274 1.0904354 -0.7230463
288 0.9238537 -0.7868761
81 0.54489 -1.1227648
182 1.3879526 -0.43942884
279 0.67204523 -0.98643124
468 0.8294716 -0.846754
161 1.4595283 -0.42510268
60 0.3627897 -1.3072641
197 1.4462335 -0.4555823
434 0.66441905 -1.0051314
287 0.85377216 -0.88384956
158 0.6232233 -0.9727379
7 0.74463904 -0.8497872
479 0.4145183 -1.1983392
141 0.68985856 -0.9599111
270 0.9875393 -0.71064514
156 0.7667602 -0.8777758
132 0.5227108 -1.1145024
431 1.2978089 -0.5584255
78 0.5628048 -1.0272833
214 0.9406077 -0.7086532
198 1.3820506 -0.45929652
532 1.1611955 -0.536429
417 1.3465885 -0.43983054
409 0.9955187 -0.6934268
387 0.8120377 -0.86801684
480 0.80434394 -0.888706
170 0.7428423 -0.90073085
443 1.0805105 -0.60645324
252 0.9113313 -0.70460737
