475 2
369 0.9283952 -0.6972441
144 1.0155373 -0.67105687
81 1.1046963 -0.6307924
83 0.11917889 -1.1304733
106 0.6478221 -0.82256854
187 0.99188006 -0.67866933
180 -0.20351632 -1.3754003
215 -0.26748028 -1.4278138
120 0.06274308 -1.1610543
266 -0.041594222 -1.2410955
216 -0.38819864 -1.5295941
212 0.383975 -0.9682568
259 0.89789826 -0.7123926
126 0.642536 -0.8340242
360 0.6248848 -0.826962
96 1.2317003 -0.5914576
28 -0.115107134 -1.3047718
251 0.1297478 -1.1255302
131 0.06635315 -1.1687198
237 -0.15480542 -1.3328636
313 0.03526738 -1.2016662
198 0.6693372 -0.8037655
358 0.38944256 -0.96488225
307 -0.42109898 -1.5671514
297 0.114262275 -1.1419512
384 1.0053773 -0.67225266
163 -0.073242724 -1.2762798
38 1.5817375 -0.49008206
119 -0.065863065 -1.2619103
82 0.10059027 -1.1428509
99 0.0040760487 -1.220702
306 -0.43605974 -1.5586717
153 0.23556149 -1.0516546
367 0.4552948 -0.9248425
371 0.58920175 -0.86516386
236 0.3993335 -0.9528495
195 -0.37555465 -1.5274197
162 0.10158895 -1.1361552
199 -0.0061365906 -1.2275112
278 -0.14149031 -1.3116932
386 1.11621 -0.62846226
290 0.4048216 -0.93264645
340 0.41067404 -0.95623523
364 1.0045649 -0.6566121
246 -0.14639345 -1.3281542
269 -0.30989277 -1.4575716
229 0.86803794 -0.7293392
331 0.33774626 -0.9731758
175 0.33780256 -0.9960792
91 -0.04272593 -1.2460814
264 -0.2691515 -1.4309502
453 0.4140194 -0.95111936
164 -0.057614055 -1.2579529
0 1.2379705 -0.57655066
243 0.76180166 -0.7738079
151 -0.056794062 -1.2501643
342 -0.24551867 -1.403522
95 0.27772212 -1.0235327
62 -0.17973557 -1.3602988
196 -0.26252452 -1.4131422
158 -0.24471219 -1.4078132
159 -0.34496915 -1.4921697
394 0.4658631 -0.91903627
286 0.13645574 -1.1214323
233 0.018744374 -1.204249
274 0.042586047 -1.1859876
248 0.41333985 -0.940646
156 -0.30739516 -1.4591166
129 -0.08831244 -1.2725471
90 -0.23347129 -1.4095625
97 -0.04071973 -1.250382
130 -0.18684576 -1.3458413
36 1.6299945 -0.477104
305 -0.38272858 -1.535891
71 1.380733 -0.54291487
284 0.5303199 -0.8910076
275 0.67049545 -0.8167344
54 0.24986984 -1.0401671
123 -0.33136612 -1.4651452
105 0.4282786 -0.9129514
108 0.73546505 -0.7922875
69 -0.091196075 -1.2601455
316 -0.20312086 -1.3643633
94 0.07810721 -1.1490734
365 0.601323 -0.8516144
245 -0.11425381 -1.3063205
381 0.29273573 -1.0241212
232 -0.34997043 -1.4927766
115 0.5090614 -0.8984088
57 0.8661721 -0.7294679
349 1.9355152 -0.41959557
132 0.47022825 -0.8997222
346 -0.06541637 -1.2804254
250 0.22594099 -1.0510296
191 0.15429293 -1.1188662
111 0.87136316 -0.7368687
219 0.26577765 -1.0561758
339 -0.311816 -1.4653515
276 0.1508281 -1.1063985
226 0.49783456 -0.91593206
121 -0.14161535 -1.316007
76 -0.27689946 -1.4418001
361 -0.081182346 -1.2800756
231 -0.37185878 -1.513845
372 0.6851448 -0.813184
63 0.92219996 -0.7063683
113 -0.23325498 -1.4056479
353 1.0892186 -0.6100106
409 0.98722434 -0.6885143
152 0.035454076 -1.2018251
325 0.76343036 -0.78656006
114 -0.13515869 -1.3241379
155 -0.15632422 -1.3248158
98 0.6409637 -0.83701247
88 -0.06128974 -1.2451407
418 1.0197155 -0.66911274
183 0.12551762 -1.1235268
101 0.65019727 -0.8283831
149 -0.15836512 -1.3341655
452 0.74824643 -0.78314495
148 0.11231241 -1.1332535
87 -0.5709805 -1.6910005
64 1.058574 -0.63951135
294 0.9006211 -0.70187
356 0.059643455 -1.1648945
31 0.10518962 -1.120884
258 0.95036864 -0.69796455
193 0.34017378 -0.991216
238 0.9213783 -0.7164539
241 0.71061707 -0.80279887
433 0.67069083 -0.8142966
103 0.8027905 -0.76507103
92 -0.30419594 -1.4536672
378 0.9076333 -0.706406
138 0.60941464 -0.84377706
419 1.3091775 -0.5649789
451 0.39063728 -0.9731144
137 -0.10553736 -1.3113366
383 -0.31721 -1.4814423
235 0.2775393 -1.0434985
435 0.9473729 -0.68244314
444 1.2243978 -0.58068347
370 0.5309711 -0.89856297
382 0.4684893 -0.90023756
357 0.18127123 -1.0883702
450 0.46407753 -0.93098193
201 0.7934552 -0.7724404
218 0.9333997 -0.71607256
73 0.11382333 -1.1270616
197 -0.008517816 -1.2305532
283 1.0403992 -0.6522084
281 0.35054353 -1.0096344
413 1.7484218 -0.46291807
239 1.1307309 -0.65310246
277 -0.018657032 -1.2229989
109 -0.20237835 -1.3854773
373 0.54714537 -0.8885027
472 0.7525184 -0.7731591
41 0.99277866 -0.6705537
117 0.94257593 -0.68528897
116 -0.15072003 -1.3405855
469 0.981742 -0.6763069
182 0.28996265 -1.0108072
21 0.8675463 -0.74209106
285 0.81700563 -0.73657453
457 0.83052224 -0.7408112
326 0.7954544 -0.768242
45 -0.2693127 -1.4326701
352 0.43218258 -0.9545324
142 1.0126688 -0.6632816
80 1.0194379 -0.65145487
72 1.1035038 -0.6371438
30 0.41192624 -0.96159035
55 0.7254849 -0.819962
332 1.9369854 -0.43802878
34 1.2493349 -0.588824
459 0.7804506 -0.7746617
168 0.83421475 -0.7523648
311 1.0507212 -0.64442265
227 0.7031552 -0.820353
327 0.3517851 -0.9886512
48 0.45934534 -0.93714005
425 0.5987404 -0.84278506
434 1.3042687 -0.55592006
169 -0.1929685 -1.3760165
268 0.497847 -0.9106967
336 0.25970116 -1.0415539
359 -0.086204335 -1.2726296
185 0.7860752 -0.7825646
312 1.1699299 -0.6067146
257 0.3059584 -0.9784763
178 1.138294 -0.6032333
426 0.5400442 -0.8708014
260 0.8273879 -0.73695076
244 1.4343085 -0.53487855
424 0.5927298 -0.85323906
387 0.62889326 -0.8479886
292 1.0143081 -0.67516315
470 -0.1375087 -1.3252729
223 0.96716917 -0.6847848
273 -0.28367618 -1.4401902
293 0.66779435 -0.82623255
192 -0.070514046 -1.2857136
333 0.16255492 -1.0968108
254 1.1894261 -0.6082891
442 1.3261812 -0.551408
374 -0.08654734 -1.2770678
252 0.94156593 -0.68495196
253 -0.11678408 -1.3148988
157 -0.30327374 -1.4613793
42 0.17194445 -1.0926033
1 0.048299793 -1.1919314
443 1.1639198 -0.6076167
140 0.95598996 -0.69565284
363 -0.27808326 -1.4258224
93 0.072915524 -1.1717911
210 0.76617247 -0.7875081
320 0.3450277 -0.9853647
318 0.9005939 -0.71191305
262 0.020105748 -1.172795
217 -0.278348 -1.4272367
289 0.76850176 -0.76153004
104 1.1382784 -0.6208459
78 -0.18582064 -1.3611059
456 0.60693604 -0.8493615
282 0.8901457 -0.73490787
24 1.0315292 -0.65581286
40 -0.30539286 -1.470187
160 -0.25231433 -1.4128622
328 0.13039695 -1.1329024
319 1.0749681 -0.64168996
291 0.7395354 -0.7893573
214 1.1073835 -0.64186853
355 0.4577562 -0.90313405
458 0.6734458 -0.8281352
467 0.047180597 -1.185143
75 -0.5481983 -1.6886321
315 0.039504573 -1.2069765
68 -0.22702573 -1.3967596
110 -0.09799367 -1.2951493
310 0.9800126 -0.6612262
74 0.30314317 -1.0043479
447 0.5221355 -0.9015758
436 1.1948062 -0.59915686
139 0.7251463 -0.81439525
404 -0.22296315 -1.3772213
171 0.44539788 -0.9605787
440 1.3009524 -0.55658644
52 1.0966505 -0.632963
375 0.66100687 -0.8349814
146 1.4326584 -0.5340348
366 0.46381158 -0.90228796
379 0.18778042 -1.0820369
150 0.14918482 -1.1231961
134 -0.07232327 -1.2760407
18 1.7051632 -0.48097023
390 1.8679763 -0.44347548
304 -0.6270474 -1.7527182
280 1.6205236 -0.4745639
15 1.0400126 -0.650644
184 0.8369687 -0.75119925
7 1.9930426 -0.41613787
61 0.28609145 -1.0339164
234 -0.2309032 -1.4045665
17 0.91707784 -0.70762
51 0.2511045 -1.0495602
172 1.0328342 -0.6570936
136 0.98052007 -0.6741617
22 1.1289895 -0.61776316
460 0.21323982 -1.0720887
84 0.83247256 -0.7223459
323 0.41913667 -0.9382096
6 1.9158045 -0.42362592
85 0.5903803 -0.8467566
417 0.971902 -0.68666154
242 0.41829082 -0.9599473
79 2.0588043 -0.44686663
66 1.0456347 -0.65837914
347 0.3615909 -0.9867783
220 0.64292866 -0.8390055
422 1.1164111 -0.6167314
388 1.5426904 -0.5056552
60 0.43408075 -0.94569683
389 1.411257 -0.5416094
393 -0.4543887 -1.5944103
222 0.78111446 -0.7737434
204 0.29002517 -1.0243965
19 1.0519117 -0.65870446
46 0.4763385 -0.90857226
176 1.1141459 -0.6326616
56 -0.059320755 -1.2544872
135 0.3170699 -1.0008163
166 -0.22639963 -1.4017448
441 1.1768595 -0.58472997
317 0.44912085 -0.91394156
190 0.8468005 -0.7580745
194 0.14775327 -1.1078887
431 0.172207 -1.0820287
9 0.27486816 -1.0392004
37 0.41731787 -0.9425061
20 1.7380527 -0.50536734
25 0.17458563 -1.0857735
295 1.614597 -0.49018782
12 2.29953 -0.40852907
205 0.3885803 -0.97329384
341 0.3202521 -0.9986869
465 -0.67511594 -1.7969416
471 -0.1371778 -1.3459473
302 0.56704205 -0.8852768
58 0.037373766 -1.2003382
299 0.43483484 -0.95152533
401 -0.28668204 -1.4376717
350 1.2549751 -0.5754445
402 0.88504213 -0.7463523
380 -0.17357363 -1.303685
301 0.6983208 -0.79133797
240 0.57820654 -0.8813074
170 0.2416975 -1.0364685
44 0.65580374 -0.83787686
133 0.512883 -0.87392265
221 0.6745288 -0.8463854
174 1.047103 -0.654816
463 -0.39650428 -1.5234073
16 1.4906365 -0.5173088
300 0.7340207 -0.7742256
385 1.1189959 -0.6328933
338 1.1235732 -0.63069624
288 0.79800445 -0.7717236
392 -0.38559192 -1.5386156
267 1.0247545 -0.66615564
50 0.6340692 -0.8454588
354 2.430345 -0.40272918
391 1.5323745 -0.49773827
261 0.6103509 -0.83939236
209 0.38080013 -0.98449945
188 1.0425801 -0.6462772
128 0.16505691 -1.1055651
154 0.38347486 -0.983052
324 0.8439634 -0.7261318
181 0.45850456 -0.9603266
439 1.1044209 -0.6197709
322 0.9011478 -0.7095979
368 0.46740818 -0.9279697
14 0.54680616 -0.87980306
70 1.4937019 -0.5300235
86 0.68821555 -0.7996907
445 1.0221783 -0.6437806
8 1.443316 -0.52659166
256 0.15047893 -1.1227452
165 0.3811571 -0.95399433
208 0.1754454 -1.078854
272 0.689164 -0.8062341
147 0.7856226 -0.7822525
124 0.5769575 -0.8538722
100 -0.025753194 -1.2356861
143 -0.14813791 -1.3245295
308 -0.18731609 -1.3492359
39 1.3535861 -0.54356253
224 -0.26384032 -1.4265312
271 0.77778435 -0.7782327
35 0.7467213 -0.78602844
23 0.7432926 -0.7713591
376 -0.5462639 -1.654623
343 0.23928715 -1.0555794
59 0.6908672 -0.82142824
335 0.53339267 -0.89382035
202 0.8513927 -0.749443
468 -0.26649964 -1.4200658
406 0.5855798 -0.8652199
398 1.4368625 -0.52675265
377 -0.46852332 -1.56064
337 0.14670634 -1.1236078
407 0.9464753 -0.67646086
179 1.0816336 -0.64025295
334 0.36630094 -0.98676866
345 0.8707818 -0.7273416
437 0.9691847 -0.66146445
33 0.2160195 -1.0907501
362 -1.4885921 -2.9474592
67 -0.087271065 -1.2827171
125 0.5206981 -0.8986027
10 1.1947811 -0.58150625
423 0.11534596 -1.1479098
32 1.1178526 -0.6288383
141 0.064242885 -1.1960349
228 0.61079335 -0.85855174
13 2.2576904 -0.39832205
29 0.6961648 -0.7920704
263 -0.26157758 -1.4016894
225 0.8736233 -0.73826844
112 -0.082272686 -1.3010156
26 0.5258399 -0.88820636
351 1.805708 -0.44033918
448 0.7763027 -0.7830133
189 0.61035913 -0.86068326
446 1.0780884 -0.62278306
474 0.7097027 -0.81034505
455 0.93410146 -0.7015184
211 -0.31424433 -1.4851218
270 0.0040061735 -1.1872662
410 2.0561168 -0.4228568
395 -0.056686822 -1.2653158
200 1.9986897 -0.42425984
2 1.1068833 -0.6563948
408 -0.32832447 -1.4602199
3 1.6865524 -0.45301875
5 1.8748664 -0.43787363
464 -0.72008246 -1.8382264
4 1.4844642 -0.47601572
255 1.3205 -0.5574319
309 -0.20811777 -1.3617207
186 0.5317927 -0.8863142
53 0.5648119 -0.87473565
177 -0.028389882 -1.2420508
207 0.4264597 -0.9414772
43 -0.11755566 -1.2902017
330 1.507115 -0.5185773
429 0.9107963 -0.7042917
249 0.73779255 -0.7865381
265 -0.12235876 -1.3317598
107 -0.12112909 -1.3066236
118 0.9707978 -0.69045824
145 0.09201277 -1.134323
321 0.9805921 -0.71375716
247 0.66721964 -0.79476744
461 0.78404933 -0.7669246
102 0.30572355 -1.0293809
396 1.3980863 -0.5319206
348 -0.1399578 -1.333272
167 0.9511424 -0.6832738
296 1.070462 -0.66670793
77 -0.014064884 -1.2220056
403 0.37356153 -0.97338575
405 1.4340631 -0.5650984
462 0.16584857 -1.0785763
213 0.48452374 -0.93471736
230 0.012541501 -1.2069458
344 0.95087576 -0.6823191
438 -1.8490877 -3.6666229
49 0.37741247 -0.976316
122 1.9177309 -0.443879
298 0.79677767 -0.7551464
127 0.32274306 -1.0209404
432 0.48352557 -0.90653026
65 1.171111 -0.6211984
411 0.37202275 -0.9789709
287 0.14968012 -1.1221007
400 1.5979521 -0.47994405
206 0.4514097 -0.93630385
314 0.44000864 -0.9059603
47 0.124632135 -1.1420045
329 1.7098039 -0.4703112
412 0.5635365 -0.8780962
397 1.5253489 -0.49827963
466 -0.33428022 -1.439279
449 0.934893 -0.6989785
161 -0.5269793 -1.6667377
416 2.1299891 -0.40517208
279 -0.15893246 -1.3648905
173 -0.012639237 -1.2418145
27 0.5189919 -0.8942406
399 1.3660527 -0.5218634
203 0.89416766 -0.73328674
427 0.50112027 -0.8906707
430 -0.42183435 -1.5791575
89 0.2166225 -1.0906225
414 2.3423083 -0.4073271
11 1.1646311 -0.6171894
303 -0.31864434 -1.475734
421 1.1819625 -0.5978162
428 0.328733 -0.979813
415 1.9469806 -0.448803
420 1.3485072 -0.55780876
454 0.708089 -0.80449855
473 1.4775257 -0.52932227
